t ms,Amplitude,,t ,amp flipped
1,8.1,,1,-8.1
2,7.6,,2,-7.6
3,7.04,,3,-7.04
4,6.56,,4,-6.56
5,6.08,,5,-6.08
6,5.64,,6,-5.64
7,5.24,,7,-5.24
8,4.84,,8,-4.84
9,4.4,,9,-4.4
10,4,,10,-4
11,3.64,,11,-3.64
12,3.28,,12,-3.28
13,2.98,,13,-2.98
14,2.68,,14,-2.68
15,2.4,,15,-2.4
16,2.1,,16,-2.1
17,1.76,,17,-1.76
18,1.4,,18,-1.4
19,1.04,,19,-1.04
20,0.64,,20,-0.64
21,0.5,,21,0.5
22,0.76,,22,0.76
23,1.14,,23,1.14
24,1.42,,24,1.42
25,1.64,,25,1.64
26,1.84,,26,1.84
27,2.1,,27,2.1
28,2.32,,28,2.32
29,2.46,,29,2.46
30,2.66,,30,2.66
31,2.82,,31,2.82
32,3,,32,3
33,3.16,,33,3.16
34,3.34,,34,3.34
35,3.44,,35,3.44
36,3.68,,36,3.68
37,3.82,,37,3.82
38,3.96,,38,3.96
39,4.08,,39,4.08
40,4.24,,40,4.24
41,4.36,,41,4.36
42,4.56,,42,4.56
43,4.7,,43,4.7
44,4.8,,44,4.8
45,4.92,,45,4.92
46,5.04,,46,5.04
47,5.16,,47,5.16
48,5.28,,48,5.28
49,5.4,,49,5.4
50,5.46,,50,5.46
51,5.58,,51,5.58
52,5.68,,52,5.68
53,5.82,,53,5.82
54,5.92,,54,5.92
55,6,,55,6
56,6.08,,56,6.08
57,6.16,,57,6.16
58,6.28,,58,6.28
59,6.36,,59,6.36
60,6.4,,60,6.4
61,6.48,,61,6.48
62,6.56,,62,6.56
63,6.7,,63,6.7
64,6.8,,64,6.8
65,6.8,,65,6.8
66,6.88,,66,6.88
67,6.96,,67,6.96
68,7.04,,68,7.04
69,7.16,,69,7.16
70,7.2,,70,7.2
71,7.28,,71,7.28
72,7.36,,72,7.36
73,7.44,,73,7.44
74,7.44,,74,7.44
75,7.52,,75,7.52
76,7.6,,76,7.6
77,7.68,,77,7.68
78,7.68,,78,7.68
79,7.68,,79,7.68
80,7.76,,80,7.76
81,7.84,,81,7.84
82,7.84,,82,7.84
83,7.92,,83,7.92
84,7.96,,84,7.96
85,8,,85,8